Akeeb Khandakar

                               48        85        132       160       210       254       295       358       381       433       483       499       555       587       618       696       719       792       786       862
bpp_next_fit              0.003099  0.004768  0.007153  0.009775  0.011921  0.013828  0.016928  0.019073  0.020981  0.024796  0.026941  0.027895  0.030041  0.030994  0.033140  0.036001  0.038862  0.041246  0.041008  0.045061
bpp_first_fit             0.020981  0.055075  0.127792  0.194073  0.313997  0.459909  0.660896  0.879765  1.019001  1.384735  1.558065  1.815081  2.212763  2.392769  2.661943  3.246784  3.602028  4.410028  4.359961  5.151033
bpp_best_fit              0.035048  0.077009  0.135183  0.207901  0.303030  0.418186  0.566006  0.777960  1.001835  1.121998  1.284122  5.077124  1.702070  1.945019  2.074003  2.346992  2.672911  3.222942  3.301859  3.880978
bpp_worst_fit             0.036001  0.087023  0.178814  0.245810  0.396967  0.613689  0.813246  1.093864  1.243830  1.698971  2.073765  2.045870  2.588987  2.971172  3.138065  3.555059  4.092216  5.231857  4.684925  5.654097
bpp_next_fit_decreasing   0.009060  0.011206  0.017881  0.020981  0.028133  0.057936  0.043869  0.059843  0.061989  0.062943  0.084877  0.076056  0.078201  0.080824  0.085831  0.107050  0.100136  0.122070  0.112295  0.120878
bpp_first_fit_decreasing  0.028849  0.087976  0.199318  0.291109  0.495911  0.736952  0.983238  1.424074  1.631021  2.086878  2.537012  2.642870  3.236771  3.565073  4.194021  4.980087  5.331993  6.341934  6.550789  7.549763
bpp_best_fit_decreasing   0.037193  0.097752  0.186920  0.288010  0.438929  0.621080  0.805855  1.482010  1.527786  1.643181  1.954794  2.137899  2.513885  2.854824  3.375053  3.753901  4.135847  4.896164  4.938126  5.674839
bpp_worst_fit_decreasing  0.038862  0.104904  0.202894  0.296116  0.449181  0.620127  0.859022  1.187086  1.405954  1.694918  2.005100  2.189159  2.554178  2.919912  3.521681  3.752947  4.243135  4.951000  5.028963  5.856991
                          48   85   132  160  210  254  295  358  381  433  483  499  555  587  618  696  719  792  786  862
bpp_next_fit               12   26   39   53   62   75   91  103  114  126  137  150  165  175  190  201  214  226  236  248
bpp_first_fit              11   21   31   41   51   61   71   81   91  101  111  122  131  141  151  162  171  181  192  201
bpp_best_fit               11   21   31   41   51   61   71   81   91  101  111  122  131  141  151  162  171  181  192  201
bpp_worst_fit              11   22   35   44   55   67   76   89   99  112  122  132  144  158  166  176  188  203  208  219
bpp_next_fit_decreasing    12   25   36   48   61   75   86  100  110  123  137  148  163  172  187  200  212  227  236  247
bpp_first_fit_decreasing   10   21   30   41   50   60   70   80   90  100  110  120  130  140  150  160  170  180  190  200
bpp_best_fit_decreasing    10   21   30   41   50   60   70   80   90  100  110  120  130  140  150  160  170  180  190  200
bpp_worst_fit_decreasing   11   21   31   41   51   61   71   81   91  101  111  121  130  140  151  160  171  180  190  200

END
