Akeeb Khandakar

Output of Mini Test:

[[999999     20     66     34     74     42     85      7     60     75]
 [    12 999999     80     90      3     40     19     35     79     54]
 [    99     80 999999     29      7     96     60     58     27      7]
 [    94     44     96 999999     29     95     75     46     25     43]
 [    74     38     73     82 999999      6     71     25     32     79]
 [    81     29     59     25     54 999999     83     96     39     70]
 [    20     97     73     59     34     65 999999     35     50     24]
 [    68     62     19     13     36     94     94 999999     54     49]
 [    45      6     13     54     88     68     80     51 999999     37]
 [    26     34     61     17     28     89     54     32     92 999999]]

0 [(1, 20), (2, 66), (3, 34), (4, 74), (5, 42), (6, 85), (7, 7), (8, 60), (9, 75)]
1 [(0, 12), (2, 80), (3, 90), (4, 3), (5, 40), (6, 19), (7, 35), (8, 79), (9, 54)]
2 [(0, 99), (1, 80), (3, 29), (4, 7), (5, 96), (6, 60), (7, 58), (8, 27), (9, 7)]
3 [(0, 94), (1, 44), (2, 96), (4, 29), (5, 95), (6, 75), (7, 46), (8, 25), (9, 43)]
4 [(0, 74), (1, 38), (2, 73), (3, 82), (5, 6), (6, 71), (7, 25), (8, 32), (9, 79)]
5 [(0, 81), (1, 29), (2, 59), (3, 25), (4, 54), (6, 83), (7, 96), (8, 39), (9, 70)]
6 [(0, 20), (1, 97), (2, 73), (3, 59), (4, 34), (5, 65), (7, 35), (8, 50), (9, 24)]
7 [(0, 68), (1, 62), (2, 19), (3, 13), (4, 36), (5, 94), (6, 94), (8, 54), (9, 49)]
8 [(0, 45), (1, 6), (2, 13), (3, 54), (4, 88), (5, 68), (6, 80), (7, 51), (9, 37)]
9 [(0, 26), (1, 34), (2, 61), (3, 17), (4, 28), (5, 89), (6, 54), (7, 32), (8, 92)]
Floyd
[[ 0 20 26 20 23 29 39  7 45 33]
 [12  0 38 32  3  9 19 19 35 43]
 [33 33  0 24  7 13 52 32 27  7]
 [43 31 38  0 29 35 50 46 25 43]
 [47 35 44 31  0  6 54 25 32 51]
 [41 29 52 25 32  0 48 48 39 59]
 [20 40 46 40 34 40  0 27 50 24]
 [52 44 19 13 26 32 63  0 38 26]
 [18  6 13 37  9 15 25 25  0 20]
 [26 34 51 17 28 34 53 32 42  0]]

Bellman Ford
[[ 0 20 26 20 23 29 39  7 45 33]
 [12  0 38 32  3  9 19 19 35 43]
 [33 33  0 24  7 13 52 32 27  7]
 [43 31 38  0 29 35 50 46 25 43]
 [47 35 44 31  0  6 54 25 32 51]
 [41 29 52 25 32  0 48 48 39 59]
 [20 40 46 40 34 40  0 27 50 24]
 [52 44 19 13 26 32 63  0 38 26]
 [18  6 13 37  9 15 25 25  0 20]
 [26 34 51 17 28 34 53 32 42  0]]

Dijkstra
[[ 0 20 26 20 23 29 39  7 45 33]
 [12  0 38 32  3  9 19 19 35 43]
 [33 33  0 24  7 13 52 32 27  7]
 [43 31 38  0 29 35 50 46 25 43]
 [47 35 44 31  0  6 54 25 32 51]
 [41 29 52 25 32  0 48 48 39 59]
 [20 40 46 40 34 40  0 27 50 24]
 [52 44 19 13 26 32 63  0 38 26]
 [18  6 13 37  9 15 25 25  0 20]
 [26 34 51 17 28 34 53 32 42  0]]


Mini Test Ended:

MATRIX
[[999999     67     89     98     20     99     12      4     38     51]
 [    87 999999     35     87      3     80     19     23     93      4]
 [    18     24 999999     88     99     38     46     34     95     36]
 [    42      6     55 999999     24     84     39     39     85     49]
 [    10     81     59     10 999999     63     52     79     65     56]
 [    38     89     55     31     43 999999     27     40     10     19]
 [    61     59     62     46     27     82 999999     21     53     72]
 [    85     48     81     90     22     83     27 999999     23      5]
 [    49     87     12     67     94     41     65     99 999999     88]
 [     7     31     81     33     28     79     75     10      3 999999]]

floyd_apsp
[[ 0 36 24 30 20 53 12  4 12  9]
 [11  0 19 13  3 48 19 14  7  4]
 [18 24  0 37 27 38 30 22 30 27]
 [17  6 25  0  9 54 25 20 13 10]
 [10 16 34 10  0 63 22 14 22 19]
 [26 37 22 31 40  0 27 29 10 19]
 [33 43 41 37 27 70  0 21 29 26]
 [12 36 20 32 22 49 24  0  8  5]
 [30 36 12 49 39 41 42 34  0 39]
 [ 7 31 15 33 27 44 19 10  3  0]]

bellman_ford_apsp
[[ 0 36 24 30 20 53 12  4 12  9]
 [11  0 19 13  3 48 19 14  7  4]
 [18 24  0 37 27 38 30 22 30 27]
 [17  6 25  0  9 54 25 20 13 10]
 [10 16 34 10  0 63 22 14 22 19]
 [26 37 22 31 40  0 27 29 10 19]
 [33 43 41 37 27 70  0 21 29 26]
 [12 36 20 32 22 49 24  0  8  5]
 [30 36 12 49 39 41 42 34  0 39]
 [ 7 31 15 33 27 44 19 10  3  0]]

dijkstra_apsp
[[ 0 36 24 30 20 53 12  4 12  9]
 [11  0 19 13  3 48 19 14  7  4]
 [18 24  0 37 27 38 30 22 30 27]
 [17  6 25  0  9 54 25 20 13 10]
 [10 16 34 10  0 63 22 14 22 19]
 [26 37 22 31 40  0 27 29 10 19]
 [33 43 41 37 27 70  0 21 29 26]
 [12 36 20 32 22 49 24  0  8  5]
 [30 36 12 49 39 41 42 34  0 39]
 [ 7 31 15 33 27 44 19 10  3  0]]

                        10         20         30          40          50           60           70           80           90           100
floyd_apsp         0.449896   2.052784   6.621122   15.476942   29.662132    50.788164    80.313921   119.318962   169.061899   231.459141
bellman_ford_apsp  1.112938  15.033960  75.793982  241.665602  593.220949  1234.219790  2285.766125  3901.966810  6325.102091  9569.288969
dijkstra_apsp      0.389814   1.513004   4.579067   10.214090   19.213200    32.433033    50.618172    74.429989   116.184235   143.131256

END
