Akeeb Khandakar

numpy_mult
[[157 181 118 186]
 [251 197 182 276]
 [124 137  64 100]
 [212 193 188 274]]
listcomp_mult
[[157 181 118 186]
 [251 197 182 276]
 [124 137  64 100]
 [212 193 188 274]]
simple_mult
[[157 181 118 186]
 [251 197 182 276]
 [124 137  64 100]
 [212 193 188 274]]
divconq_mult
[[157 181 118 186]
 [251 197 182 276]
 [124 137  64 100]
 [212 193 188 274]]
strassen_mult
[[157 181 118 186]
 [251 197 182 276]
 [124 137  64 100]
 [212 193 188 274]]
                     4         8          16         32          64
numpy_mult     0.162125  0.026941   0.031948   0.128031    0.508308
listcomp_mult  0.075102  0.074148   0.420809   2.804995   20.583868
simple_mult    0.066042  0.097990   0.677109   5.093098   39.808989
divconq_mult   0.585318  1.424074  11.035919  87.815762  695.602894
strassen_mult  0.284910  1.484871  10.227919  71.491003  499.054193
